

June 2023
DRC	Ecuador	Gabon	Guyana	Iran	Iraq (S)	Kazakhstan	Kuwait	Libya	Nigeria	Oman	Russia	Saudi Arabia	Sudan	USA	Venezuela	Totals
Canada	0	0	0	0	0	0	0	0	0	113,899	0	0	34,190	0	326,875	0	474,964
China	0	0	38,029	0	1,039,453	996,698	105,193	525,641	69,894	0	790,037	1,393,532	1,780,351	0	382,661	432,824	7,554,312
Cuba	0	0	0	0	0	0	0	0	0	0	0	0	0	0	0	17,409	17,409
France	0	0	0	32,893	0	132,648	59,843	14,399	58,431	185,275	0	0	48,608	0	125,742	0	657,840
Greece	0	0	0	0	0	137,717	148,785	0	51,756	0	0	0	0	0	0	0	338,259
India	0	0	0	0	0	797,878	174,572	165,083	0	108,672	0	1,985,477	633,764	0	166,897	0	4,032,343
Israel	29,370	0	54,053	0	0	0	44,676	0	0	0	0	0	0	0	0	0	128,099
Italy	0	0	24,441	33,207	0	104,278	374,449	22,122	357,290	41,203	0	0	0	0	204,330	0	1,161,320
Japan	0	0	0	0	0	0	0	229,233	0	0	0	0	1,023,135	0	10,893	0	1,263,262
Malaysia	0	0	41,492	0	0	0	0	0	0	0	0	0	290,606	62,246	0	29,933	424,277
Netherlands	0	0	29,706	65,501	0	285,942	162,517	45,361	0	138,361	0	0	119,991	0	1,051,080	0	1,898,460
SUMED Pipeline	0	0	0	0	0	67,070	0	0	0	0	0	0	650,179	0	0	0	717,248
Singapore	0	0	0	0	0	0	0	92,276	11,919	0	0	0	170,287	0	227,722	0	502,204
South Korea	0	0	0	0	0	304,670	73,346	178,802	0	13,062	22,348	0	1,017,299	0	203,514	0	1,813,041
Spain	0	0	0	31,872	0	104,265	72,891	0	19,562	83,709	0	0	0	0	165,385	0	477,683
Syria	0	0	0	0	106,469	0	0	0	0	0	0	0	0	0	0	0	106,469
Taiwan	0	0	0	0	0	65,576	0	192,089	0	0	60,216	0	221,667	0	197,401	0	736,950
Thailand	0	0	0	0	0	0	0	0	0	0	0	0	188,537	0	0	0	188,537
Turkey	0	0	0	0	0	241,285	131,077	0	0	0	0	292,365	0	0	29,846	0	694,573
UAE	0	0	0	0	22,519	0	0	0	0	0	0	51,247	19,766	81,936	0	0	175,469
USA	0	85,052	0	98,743	0	238,606	74,033	25,690	94,334	140,289	0	0	360,764	0	0	104,167	1,221,678
United Kingdom	0	0	0	65,983	0	0	0	37,932	109,606	24,305	0	0	0	0	252,354	0	490,180
Unknown	0	0	0	0	31,263	0	0	0	0	0	0	38,111	0	0	0	0	69,374
Others	0	284,159	70,137	98,432	0	32,739	173,419	335,103	115,617	537,497	0	300,196	471,148	0	771,307	0	3,189,752
Total	29,370	369,211	257,857	426,630	1,199,705	3,509,372	1,594,801	1,863,731	888,409	1,386,273	872,601	4,060,929	7,030,291	144,183	4,116,008	584,332	28,333,701



May 2023
Ecuador	Gabon	Guyana	Iran	Iraq (S)	Israel	Kazakhstan	Kuwait	Libya	Nigeria	Oman	Russia	Saudi Arabia	Sudan	USA	Venezuela	Totals
Canada	0	0	0	0	0	0	0	0	0	63,341	0	0	32,556	0	235,256	0	331,153
China	0	116,036	0	1,309,408	1,218,431	0	99,493	657,601	32,255	0	606,567	1,296,282	1,761,361	0	378,987	304,283	7,780,704
Cuba	0	0	0	0	0	0	0	0	0	0	0	25,176	0	0	0	20,744	45,920
France	0	0	32,610	0	35,153	0	89,097	35,255	61,232	92,323	0	0	107,879	0	77,329	0	530,878
Greece	0	0	0	0	139,088	0	175,262	0	18,743	0	0	0	0	0	0	0	333,092
India	22,342	0	0	0	998,713	0	189,144	154,732	33,206	0	29,340	2,111,536	708,694	0	327,403	0	4,575,111
Israel	0	30,017	0	0	0	0	120,823	0	0	0	0	0	0	0	0	0	150,840
Italy	0	0	31,872	0	167,946	0	350,035	0	443,011	31,318	0	0	0	19,061	167,051	0	1,210,294
Japan	0	0	0	0	0	0	0	237,912	0	0	67,706	0	870,256	0	63,296	0	1,239,170
Malaysia	0	0	0	0	0	0	0	83,629	31,150	0	0	20,838	198,028	57,404	259,302	0	650,351
Netherlands	0	0	125,531	0	228,758	0	120,395	0	0	166,669	32,740	0	109,839	0	656,587	0	1,440,519
SUMED Pipeline	0	0	0	0	0	0	0	67,571	0	0	0	0	1,034,938	0	0	0	1,102,509
Singapore	0	0	0	0	0	0	0	48,446	0	0	0	28,359	167,033	0	128,829	0	372,666
South Korea	0	0	0	0	107,806	0	131,974	174,735	0	0	0	0	884,155	0	396,164	0	1,694,834
Spain	0	0	0	0	35,188	14,737	201,204	0	98,530	153,675	0	0	34,874	0	243,796	33,413	815,416
Syria	0	0	0	64,578	0	0	0	0	0	0	0	0	0	0	0	0	64,578
Taiwan	0	0	0	0	0	0	0	100,548	0	0	0	0	428,367	0	192,048	0	720,963
Thailand	0	0	0	0	0	0	0	0	0	0	0	0	114,950	0	0	0	114,950
Turkey	0	0	0	0	202,008	0	0	0	19,196	29,655	0	236,651	0	0	0	0	487,509
UAE	0	0	0	23,990	0	0	0	66,018	0	0	0	24,425	82,934	80,660	0	0	278,027
USA	166,191	0	96,910	0	163,489	0	23,356	26,596	53,540	150,978	0	0	396,456	0	0	119,574	1,197,091
United Kingdom	0	0	63,707	0	0	0	0	0	86,676	55,412	0	0	0	0	228,165	0	433,960
Unknown	0	0	0	23,777	0	0	0	0	0	0	0	0	64,989	0	0	0	88,765
Others	189,703	74,762	0	33,421	67,908	0	107,156	207,534	129,343	372,290	0	342,640	252,343	0	829,894	9,903	2,616,896
Total	378,236	220,814	350,630	1,455,175	3,364,487	14,737	1,607,939	1,860,576	1,006,883	1,115,662	736,353	4,085,907	7,249,651	157,124	4,184,107	487,916	28,276,197



April 2023
DRC	Ecuador	Gabon	Guyana	Iran	Iraq (S)	Kazakhstan	Kuwait	Libya	Nigeria	Oman	Russia	Saudi Arabia	Sudan	USA	Venezuela	Totals
Canada	0	0	0	0	0	0	0	0	0	94,125	0	0	97,021	0	244,130	0	435,276
China	0	22,203	150,907	0	1,100,632	1,130,582	140,506	449,973	108,861	11,918	769,184	1,484,851	2,034,291	0	1,021,315	309,499	8,734,721
Cuba	0	0	0	0	0	0	0	0	0	0	0	0	0	0	0	51,803	51,803
France	0	0	0	32,930	0	0	47,298	0	30,554	35,177	0	0	104,027	0	91,884	0	341,870
Greece	0	0	0	0	0	138,825	202,154	0	96,328	33,335	0	0	0	0	0	0	470,642
India	0	0	0	0	0	920,769	165,909	170,130	0	41,504	8,100	2,039,096	727,538	0	148,522	0	4,221,569
Israel	0	0	22,621	0	0	0	43,056	0	0	0	0	0	0	0	0	0	65,676
Italy	0	0	0	67,870	0	174,329	333,239	0	340,831	64,554	0	0	0	0	95,527	0	1,076,349
Japan	0	0	0	0	0	0	0	309,545	0	0	21,539	0	1,293,022	0	0	0	1,624,105
Malaysia	0	0	0	0	0	0	0	0	0	0	2,560	23,531	123,290	37,096	0	0	186,477
Netherlands	0	0	0	65,547	0	168,603	80,104	14,327	0	106,758	0	0	0	0	692,777	0	1,128,116
SUMED Pipeline	0	0	0	0	0	0	0	0	0	0	0	0	900,344	0	0	0	900,344
Singapore	0	0	0	0	0	0	0	60,087	12,257	0	0	49,125	29,612	0	133,087	0	284,168
South Korea	0	0	0	0	0	226,223	208,579	335,985	0	0	0	0	1,142,644	0	347,932	0	2,261,362
Spain	0	0	0	32,679	0	36,574	77,480	0	34,590	179,428	0	0	49,773	0	250,390	34,526	695,440
Syria	0	0	0	0	130,904	0	0	0	0	0	0	0	0	0	0	0	130,904
Taiwan	0	0	0	0	0	64,408	0	172,153	0	0	58,977	0	299,282	0	264,509	0	859,329
Thailand	0	0	0	0	0	0	0	0	0	0	0	0	62,212	0	0	0	62,212
Turkey	0	0	0	0	0	142,563	140,329	0	0	0	0	131,181	0	0	0	0	414,072
UAE	0	0	0	0	23,017	0	34,649	54,237	6,887	0	0	95,885	22,906	61,999	0	0	299,579
USA	0	113,232	0	131,174	0	236,863	25,433	24,534	94,831	126,357	0	0	437,611	0	0	127,948	1,317,982
United Kingdom	0	0	0	0	0	0	0	0	58,209	34,688	0	0	0	0	250,992	0	343,889
Unknown	0	0	0	0	0	0	0	24,153	0	0	0	0	0	0	33,281	0	57,435
Others	21,671	220,303	56,560	33,357	0	135,699	221,798	229,202	155,808	390,611	0	197,360	514,583	0	938,158	0	3,115,110
Total	21,671	355,738	230,087	363,557	1,254,554	3,375,437	1,720,533	1,844,326	939,154	1,118,454	860,359	4,021,029	7,838,155	99,095	4,512,504	523,775	29,078,430



March 2023
DRC	Ecuador	Gabon	Guyana	Iran	Iraq (N)	Iraq (S)	Israel	Kazakhstan	Kuwait	Libya	Nigeria	Oman	Russia	Saudi Arabia	Sudan	USA	Venezuela	Totals
Canada	0	0	0	0	0	0	0	0	0	0	17,749	97,043	0	0	30,008	0	314,688	0	459,488
China	0	0	130,986	0	907,933	0	1,184,339	0	135,171	516,574	66,546	12,687	826,537	1,155,709	1,842,478	0	665,707	477,873	7,922,540
Cuba	0	0	0	0	0	0	0	0	0	0	0	0	0	24,651	0	0	0	18,111	42,762
France	0	0	0	0	0	0	105,279	0	56,922	0	56,460	125,266	0	0	0	0	169,191	0	513,119
Greece	0	0	0	0	0	19,896	138,784	0	182,763	0	68,587	0	0	0	0	0	0	0	410,030
India	0	0	0	0	0	0	839,534	0	170,383	220,255	0	21,810	0	2,061,782	750,201	0	297,990	0	4,361,956
Israel	0	0	24,564	0	0	129,589	0	0	64,063	0	0	31,897	0	0	0	0	0	0	250,113
Italy	0	0	20,246	63,492	0	90,766	68,926	0	340,921	0	328,677	118,883	0	0	0	0	157,581	0	1,189,492
Japan	0	0	0	0	0	0	0	0	0	157,553	0	0	33,451	0	1,215,872	0	0	0	1,406,876
Malaysia	0	0	0	0	0	0	0	0	0	20,653	65,360	73,654	0	0	431,740	19,962	125,911	0	737,281
Netherlands	0	0	23,487	128,126	0	0	193,493	11,315	235,076	0	47,163	131,755	0	0	33,578	0	627,022	0	1,431,014
SUMED Pipeline	0	0	0	0	0	0	0	0	0	65,325	0	0	0	0	943,106	0	0	0	1,008,431
Singapore	0	0	0	0	0	0	0	0	31,644	52,453	0	0	0	48,192	63,758	0	229,606	0	425,653
South Korea	0	0	0	0	0	0	294,399	0	101,664	155,294	0	0	0	0	1,053,004	0	525,409	0	2,129,770
Spain	0	0	0	32,436	0	0	67,274	0	113,199	0	82,731	89,498	0	0	0	0	270,016	0	655,154
Syria	0	0	0	0	128,101	0	0	0	0	0	0	0	0	0	0	0	0	0	128,101
Taiwan	0	0	0	0	0	0	0	0	0	119,926	0	0	37,775	0	214,524	0	194,748	0	566,972
Thailand	0	0	0	0	0	0	0	0	0	0	0	0	0	0	185,393	0	0	0	185,393
Turkey	0	0	0	31,115	0	60,129	203,769	0	90,611	0	24,044	0	0	206,870	0	0	27,301	0	643,839
UAE	0	0	0	0	32,082	0	0	0	0	103,594	6,944	0	0	76,228	114,072	57,161	0	0	390,082
USA	0	156,546	0	65,007	0	0	122,318	0	46,015	49,502	50,302	153,605	0	0	193,236	0	0	103,995	940,525
United Kingdom	0	0	0	32,649	0	0	0	0	23,942	0	51,141	81,305	0	0	0	0	385,770	0	574,808
Unknown	0	0	0	0	0	0	0	0	0	0	0	0	0	8,537	0	0	20,480	0	29,018
Others	29,351	144,376	23,980	32,837	0	54,150	70,998	0	180,643	226,124	74,780	425,679	0	247,382	569,370	0	1,133,052	0	3,212,722
Total	29,351	300,922	223,262	385,663	1,068,117	354,529	3,289,111	11,315	1,773,020	1,687,253	940,484	1,363,084	897,762	3,829,351	7,640,340	77,123	5,144,474	599,980	29,615,140


February 2023
DRC	Ecuador	Gabon	Guyana	Iran	Iraq (N)	Iraq (S)	Israel	Kazakhstan	Kuwait	Libya	Nigeria	Oman	Russia	Saudi Arabia	Sudan	USA	Venezuela	Totals
Canada	0	0	0	0	0	0	0	0	0	0	0	106,054	0	0	33,582	0	161,167	0	300,803
China	28,973	0	63,988	0	969,323	17,125	1,037,583	0	110,760	740,052	107,442	0	813,047	1,383,465	2,017,666	0	217,343	264,638	7,771,406
Cuba	0	0	0	0	0	0	0	0	0	0	0	0	0	0	0	0	0	26,678	26,678
France	0	0	0	35,549	0	0	81,943	0	142,908	25,639	44,679	192,390	0	0	0	0	52,034	0	575,142
Greece	0	0	0	0	0	32,589	183,409	0	86,521	0	103,646	0	0	0	0	0	0	0	406,166
India	0	35,222	0	0	0	0	875,355	0	74,884	208,623	0	40,170	0	1,734,158	762,744	0	70,248	0	3,801,403
Israel	0	0	25,724	0	0	307,780	0	0	24,395	0	0	0	0	0	0	0	0	0	357,899
Italy	0	0	0	70,673	0	170,769	71,043	0	306,013	0	386,176	67,076	0	0	0	35,652	182,272	0	1,289,674
Japan	0	0	0	0	0	0	0	0	0	228,773	0	0	0	0	1,080,945	0	0	0	1,309,718
Malaysia	0	0	0	0	0	0	0	0	0	0	36,116	74,198	12,515	0	306,389	21,263	68,371	0	518,851
Netherlands	0	0	32,292	70,905	0	0	217,745	24,935	67,109	0	42,446	230,051	0	0	37,202	0	453,969	0	1,176,654
SUMED Pipeline	0	0	0	0	0	0	0	0	0	67,712	0	0	0	25,239	999,801	0	0	0	1,092,752
Singapore	0	0	0	0	0	0	36,061	0	0	59,120	36,806	0	0	23,939	148,670	0	631,603	0	936,198
South Korea	0	0	0	0	0	0	237,639	0	110,162	324,911	0	13,379	0	0	935,482	0	455,550	0	2,077,122
Spain	0	0	0	0	0	0	72,417	0	23,031	0	68,801	58,648	0	0	0	0	86,514	23,354	332,765
Syria	0	0	0	0	107,813	0	0	0	0	0	0	0	0	0	0	0	0	0	107,813
Taiwan	0	0	0	0	0	0	0	0	0	66,606	0	0	67,475	0	277,915	0	290,059	0	702,055
Thailand	0	0	0	0	0	0	0	0	0	0	37,003	0	0	0	73,990	0	0	0	110,992
Turkey	0	0	0	0	0	97,783	183,928	0	77,913	0	41,569	0	0	166,627	0	0	0	0	567,819
UAE	0	0	0	0	0	0	0	0	0	0	0	0	0	50,034	23,930	45,815	0	0	119,779
USA	0	113,406	0	105,882	0	0	209,024	0	0	0	0	62,145	0	0	194,986	0	0	86,346	771,788
United Kingdom	0	0	0	31,562	0	0	0	0	0	0	34,195	34,629	0	0	0	0	351,770	0	452,156
Unknown	0	0	0	0	0	0	0	0	0	0	0	0	0	79,155	0	0	0	0	79,155
Others	0	230,963	88,858	35,448	0	0	38,186	0	157,005	214,826	77,177	379,772	0	121,885	379,081	0	1,052,326	0	2,775,527
Total	28,973	379,591	210,862	350,018	1,077,136	626,047	3,244,333	24,935	1,180,701	1,936,262	1,016,055	1,258,510	893,037	3,584,501	7,272,383	102,730	4,073,227	401,016	27,660,317

January 2023
Ecuador	Gabon	Guyana	Iran	Iraq (N)	Iraq (S)	Kazakhstan	Kuwait	Libya	Nigeria	Oman	Russia	Saudi Arabia	Sudan	USA	Venezuela	Totals
Canada	0	0	0	0	0	0	0	0	0	174,157	0	0	0	0	252,809	0	426,966
China	0	70,893	0	975,540	0	1,052,123	100,586	303,632	98,668	11,793	655,629	1,545,355	1,459,686	0	320,765	365,964	6,960,633
Cuba	0	0	0	0	0	0	0	0	0	0	0	23,795	0	0	0	36,018	59,813
France	0	0	63,687	0	0	34,339	113,367	0	75,354	184,632	0	0	33,930	0	172,938	0	678,246
Greece	0	0	0	0	0	171,877	125,931	0	34,816	0	0	0	0	0	0	0	332,623
India	0	0	0	0	0	885,026	101,199	224,357	0	83,230	50,212	1,534,734	771,635	0	152,672	0	3,803,065
Israel	0	0	0	0	48,623	0	22,370	0	0	29,392	0	0	0	0	23,868	0	124,253
Italy	0	16,769	31,482	0	95,902	133,645	326,500	0	310,107	100,835	0	0	0	21,126	200,058	0	1,236,423
Japan	0	0	0	0	0	0	0	317,800	0	0	38,010	0	1,206,612	0	0	0	1,562,422
Malaysia	0	27,691	0	0	0	0	0	0	63,007	31,534	10,041	0	279,201	38,144	0	0	449,618
Netherlands	0	0	32,124	0	0	97,606	161,395	0	20,573	92,467	30,257	0	0	0	529,771	0	964,194
SUMED Pipeline	0	0	0	0	0	0	0	68,455	0	0	0	0	895,439	0	0	0	963,894
Singapore	0	0	0	0	0	31,211	34,618	83,857	0	0	0	30,054	100,609	0	165,039	0	445,388
South Korea	0	0	0	0	0	243,355	204,103	327,845	0	0	0	0	1,138,904	0	464,187	0	2,378,394
Spain	0	0	64,556	0	0	98,241	123,710	0	76,618	108,632	0	0	0	0	98,874	0	570,632
Syria	0	0	0	77,808	0	0	0	0	0	0	0	0	0	0	0	0	77,808
Taiwan	0	0	0	0	0	0	0	146,025	0	0	60,668	0	237,601	0	262,097	0	706,391
Thailand	0	0	0	0	0	0	0	0	0	0	0	0	152,541	0	0	0	152,541
Turkey	0	0	0	0	73,176	133,150	75,887	0	18,737	30,494	0	221,390	0	0	0	0	552,834
UAE	0	0	0	0	0	0	23,525	0	7,522	0	0	23,386	136,591	38,877	0	0	229,901
USA	133,218	0	94,449	0	0	279,845	0	45,186	53,100	153,415	0	0	263,671	0	0	74,426	1,097,310
United Kingdom	0	0	0	0	0	0	0	0	18,967	0	0	0	0	0	227,436	0	246,403
Unknown	0	0	0	0	0	0	0	0	0	0	0	0	0	0	0	0	0
Others	199,990	22,352	62,999	67,825	190,816	40,263	176,951	208,588	122,309	312,767	0	195,594	597,646	0	945,125	0	3,143,226
Total	333,208	137,705	349,297	1,121,174	408,516	3,200,681	1,590,141	1,725,746	899,777	1,313,348	844,817	3,574,308	7,274,064	98,147	3,815,638	476,407	27,162,976


December 2022
DRC	Ecuador	Gabon	Guyana	Iran	Iraq (N)	Iraq (S)	Kazakhstan	Kuwait	Libya	Nigeria	Oman	Russia	Saudi Arabia	Sudan	USA	Venezuela	Totals
Canada	0	0	0	0	0	0	0	0	0	19,237	59,922	0	0	59,236	0	269,977	0	408,372
China	0	22,430	39,222	0	1,021,888	96,131	981,760	0	436,303	65,382	0	725,343	965,144	1,708,405	0	160,895	529,989	6,752,893
Cuba	0	0	0	0	0	0	0	0	0	0	0	0	0	0	0	0	45,180	45,180
France	0	0	0	31,304	0	0	32,948	162,399	0	52,351	158,751	0	0	0	0	125,806	0	563,558
Greece	0	0	0	0	0	0	127,225	132,478	0	58,179	0	0	0	0	0	0	0	317,882
India	0	0	0	0	0	0	915,959	107,553	156,577	31,789	81,594	58,416	1,190,371	744,982	0	502,892	0	3,790,131
Israel	0	0	41,914	0	0	161,335	0	48,155	0	0	30,154	0	0	0	0	0	0	281,558
Italy	0	0	48,212	32,343	0	43,482	63,851	492,729	0	302,408	147,606	0	0	0	0	182,213	0	1,312,843
Japan	0	0	0	0	0	0	0	0	157,632	0	0	38,643	23,342	1,270,272	0	0	0	1,489,888
Malaysia	0	0	21,573	0	0	0	0	0	94,181	65,677	0	0	0	339,391	35,874	64,560	0	621,256
Netherlands	0	0	0	0	0	0	259,213	117,693	0	55,509	211,856	0	0	32,187	0	475,102	0	1,151,559
SUMED Pipeline	0	0	0	0	0	0	0	0	15,810	0	0	0	0	1,213,521	0	0	0	1,229,331
Singapore	0	0	0	0	0	0	34,731	32,735	25,684	22,347	0	0	0	99,620	0	265,999	0	481,118
South Korea	0	0	0	0	0	0	331,174	33,875	276,095	0	11,892	0	0	1,233,767	0	400,057	0	2,286,860
Spain	0	30,961	0	0	0	0	34,042	91,242	0	84,607	115,580	0	0	0	0	154,480	0	510,912
Syria	0	0	0	0	75,497	0	0	0	0	0	0	0	0	0	0	0	0	75,497
Taiwan	0	0	0	0	0	0	37,220	0	147,187	33,521	0	57,040	0	200,709	0	263,412	0	739,089
Thailand	0	0	0	0	0	0	0	0	12,840	0	0	0	0	120,515	0	0	0	133,355
Turkey	0	0	0	0	0	32,231	99,935	133,479	0	47,587	0	0	74,385	0	0	0	0	387,617
UAE	0	0	0	0	0	0	0	0	47,479	6,665	11,685	0	0	87,626	55,030	0	0	208,484
USA	0	132,365	0	158,205	0	0	296,110	0	0	72,488	122,187	0	0	172,232	0	0	0	953,586
United Kingdom	0	0	0	31,323	0	0	0	0	0	17,733	32,045	0	0	0	0	275,162	0	356,262
Unknown	0	0	0	0	32,262	0	0	0	0	0	0	0	0	0	0	0	0	32,262
Others	27,360	229,717	29,704	162,592	0	82,758	0	105,381	274,549	19,744	390,491	0	189,834	602,573	0	1,137,829	0	3,252,530
Total	27,360	415,474	180,625	415,766	1,129,647	415,938	3,214,168	1,457,718	1,644,336	955,223	1,373,762	879,441	2,443,076	7,885,034	90,904	4,278,384	575,169	27,382,025

November 2022
DRC	Ecuador	Gabon	Guyana	Iran	Iraq (N)	Iraq (S)	Kazakhstan	Kuwait	Libya	Nigeria	Oman	Russia	Saudi Arabia	Sudan	USA	Venezuela	Totals
Canada	0	0	0	0	0	0	0	0	0	20,304	23,277	0	0	36,173	0	247,657	0	327,411
China	0	0	0	0	1,115,006	34,852	1,198,392	33,860	593,220	153,803	12,915	665,262	931,650	1,773,505	0	400,759	260,209	7,173,431
Cuba	0	0	0	0	0	0	0	0	0	0	0	0	0	0	0	0	24,248	24,248
France	0	0	16,733	0	0	0	36,896	168,348	0	19,167	114,007	0	0	0	0	90,141	0	445,293
Greece	0	0	0	0	0	0	168,464	192,289	0	75,057	0	0	0	0	0	0	0	435,810
India	0	0	0	0	0	0	820,036	71,024	187,710	34,129	67,624	0	1,242,521	739,980	0	424,004	0	3,587,027
Israel	0	0	0	0	0	93,820	0	73,135	0	0	0	0	0	0	0	0	0	166,955
Italy	0	0	59,045	31,996	0	140,214	68,892	507,153	0	268,233	77,138	0	173,969	22,440	19,711	125,609	0	1,494,400
Japan	0	0	0	0	0	0	0	0	253,223	0	0	29,800	0	1,213,434	0	11,113	0	1,507,570
Malaysia	0	0	0	0	0	0	0	0	40,237	66,247	59,756	0	0	272,210	20,637	0	0	459,088
Netherlands	0	0	68,201	32,338	0	0	213,174	138,758	0	42,860	80,379	0	149,096	0	0	448,838	0	1,173,644
SUMED Pipeline	0	0	0	0	0	0	63,972	0	137,510	0	0	0	0	949,468	0	0	0	1,150,950
Singapore	0	0	36,857	0	0	32,201	23,200	0	45,849	0	0	0	26,794	41,962	0	376,982	0	583,845
South Korea	0	0	0	0	0	0	190,385	106,408	165,484	0	0	64,375	72,637	908,128	0	614,404	0	2,121,821
Spain	0	0	0	32,400	0	0	69,597	84,744	0	61,728	82,615	0	0	0	0	175,017	61,723	567,825
Syria	0	0	0	0	27,650	0	0	0	0	0	0	0	0	0	0	0	0	27,650
Taiwan	0	0	0	0	0	0	0	0	144,889	0	0	34,738	0	243,809	0	81,537	0	504,972
Thailand	0	0	0	0	0	0	0	0	51,024	0	0	0	0	91,095	0	0	0	142,119
Turkey	0	0	0	0	0	32,186	120,331	60,049	0	0	0	0	226,999	0	0	0	0	439,565
UAE	0	0	0	0	0	0	0	0	52,219	0	0	0	72,249	105,005	37,177	0	0	266,651
USA	0	143,819	0	98,955	0	0	279,499	0	0	19,780	122,256	0	0	180,485	0	0	0	844,794
United Kingdom	0	0	0	0	0	0	0	0	0	19,164	32,879	0	0	0	0	323,111	0	375,154
Unknown	0	0	0	0	0	0	0	0	0	0	0	0	0	0	0	0	0	0
Others	28,682	223,047	23,993	127,515	0	46,096	0	94,457	182,891	57,493	400,633	0	296,232	723,462	0	1,064,413	0	3,268,913
Total	28,682	366,866	204,829	323,204	1,142,656	379,370	3,252,836	1,530,225	1,854,257	837,965	1,073,479	794,175	3,192,147	7,301,153	77,525	4,383,585	346,179	27,089,133

October 2022
DRC	Ecuador	Gabon	Guyana	Iran	Iraq (N)	Iraq (S)	Kazakhstan	Kuwait	Libya	Nigeria	Oman	Russia	Saudi Arabia	Sudan	USA	Venezuela	Totals
Canada	0	0	0	0	0	0	0	0	0	20,447	80,539	0	0	66,534	0	277,490	0	445,010
China	0	0	68,471	0	972,976	0	1,223,408	34,133	684,107	31,354	0	644,761	893,002	1,840,699	0	256,759	383,761	7,033,430
Cuba	0	0	0	0	0	0	0	0	0	0	0	0	22,399	0	0	0	42,090	64,489
France	0	0	39,451	0	0	0	0	0	0	37,821	121,871	0	22,570	0	0	118,540	0	340,254
Greece	0	0	0	31,279	0	91,298	94,576	134,485	0	55,371	0	0	0	0	0	0	0	407,009
India	0	0	0	0	0	0	925,195	137,306	155,056	33,091	0	0	806,125	670,484	0	460,585	0	3,187,843
Israel	0	0	0	0	0	53,756	0	0	0	0	36,053	0	0	0	0	0	0	89,809
Italy	0	0	18,661	64,188	0	166,317	66,418	203,005	0	322,743	30,309	0	332,976	0	0	157,111	0	1,361,727
Japan	0	0	0	0	0	0	0	0	232,365	0	0	12,187	0	1,305,449	0	61,900	0	1,611,901
Malaysia	22,820	0	0	0	0	0	0	0	0	32,264	0	9,366	0	472,584	19,962	0	30,443	587,439
Netherlands	0	0	20,650	31,608	0	0	232,561	0	0	118,095	70,923	0	213,316	62,919	0	394,837	0	1,144,910
SUMED Pipeline	0	0	0	0	0	14,035	125,046	0	67,877	0	0	0	0	618,937	0	0	0	825,895
Singapore	0	0	0	0	0	0	0	33,859	0	0	0	0	23,738	153,955	0	390,223	0	601,775
South Korea	0	0	0	0	0	0	288,434	136,510	228,396	0	11,640	62,998	23,994	1,183,071	0	463,494	0	2,398,537
Spain	0	0	0	65,259	0	0	97,679	33,276	0	58,103	139,810	0	32,452	0	0	144,117	0	570,696
Syria	0	0	0	0	148,030	0	0	0	0	0	0	0	0	0	0	0	0	148,030
Taiwan	0	0	0	0	0	0	0	0	183,297	0	0	59,476	0	308,942	0	99,276	0	650,991
Thailand	0	0	0	0	0	0	0	0	0	32,362	0	0	0	60,876	0	64,683	0	157,921
Turkey	0	0	0	0	0	24,919	69,306	122,388	0	0	0	0	396,514	0	0	0	0	613,127
UAE	0	0	0	0	0	0	0	0	0	7,057	0	0	0	52,974	111,226	0	0	171,258
USA	0	97,613	0	186,374	0	0	189,438	20,365	43,624	32,307	29,523	0	0	386,025	0	0	0	985,268
United Kingdom	0	0	0	0	0	0	0	0	0	39,241	0	0	0	0	0	409,596	0	448,837
Unknown	0	0	0	0	0	0	0	0	0	0	0	0	0	0	0	0	0	0
Others	0	224,760	45,413	0	0	23,900	65,808	36,216	250,313	137,174	524,755	0	297,845	445,885	0	1,044,765	0	3,096,835
Total	22,820	322,372	192,646	378,708	1,121,007	374,225	3,377,869	891,543	1,845,035	957,428	1,045,422	788,787	3,064,931	7,629,334	131,188	4,343,378	456,294	26,942,987


September 2022
DRC	Ecuador	Gabon	Guyana	Iran	Iraq (N)	Iraq (S)	Kazakhstan	Kuwait	Libya	Nigeria	Oman	Russia	Saudi Arabia	Sudan	USA	Venezuela	Yemen	Totals
Canada	0	0	0	0	0	0	0	0	0	20,622	0	0	0	31,290	0	280,286	0	0	332,197
China	0	0	26,928	0	638,791	0	1,031,226	35,291	740,401	68,442	0	804,892	920,199	1,611,736	20,550	364,831	561,962	0	6,825,249
Cuba	0	0	0	0	0	0	0	0	0	0	0	0	48,476	0	0	0	10,408	0	58,883
France	0	0	0	0	0	0	69,887	90,559	0	0	95,413	0	0	0	0	220,554	0	0	476,413
Greece	0	0	0	0	0	144,797	33,122	60,274	0	59,646	0	0	24,301	0	0	0	0	0	322,139
India	0	0	0	0	0	0	970,277	143,533	224,967	33,193	92,527	0	770,784	838,797	0	339,943	0	0	3,414,021
Israel	0	0	23,622	0	0	198,108	0	35,445	0	0	35,112	0	0	0	0	0	0	0	292,287
Italy	0	0	0	62,890	0	107,021	134,699	283,646	0	316,813	51,508	0	225,680	23,494	31,052	50,107	0	0	1,286,910
Japan	0	22,095	0	0	0	0	0	0	238,698	0	0	10,719	0	1,199,893	0	11,226	0	0	1,482,631
Malaysia	0	0	0	0	0	0	0	0	23,030	32,551	0	1,859	0	330,022	22,536	0	32,597	17,779	460,375
Netherlands	0	0	0	66,721	0	0	115,720	70,640	0	101,079	140,025	0	174,780	0	0	381,811	0	0	1,050,777
SUMED Pipeline	0	0	0	0	0	0	63,618	0	0	0	0	0	0	1,037,168	0	0	0	0	1,100,786
Singapore	0	0	0	0	0	0	41,378	34,596	41,403	0	0	0	0	159,529	0	205,896	0	0	482,803
South Korea	0	0	0	0	0	0	186,172	104,420	300,752	0	23,452	0	0	1,112,736	0	680,533	0	0	2,408,065
Spain	0	0	21,102	0	0	0	100,914	57,892	0	111,308	126,449	0	33,542	0	0	64,512	0	0	515,720
Syria	0	0	0	0	42,471	0	0	0	0	0	0	0	0	0	0	0	0	0	42,471
Taiwan	0	0	0	0	0	0	76,503	0	149,227	0	0	61,344	0	300,251	0	134,484	0	0	721,810
Thailand	0	0	0	0	0	0	0	0	62,192	19,762	0	0	0	112,787	0	0	0	0	194,741
Turkey	0	0	0	0	0	32,186	102,473	57,876	0	66,946	0	0	473,045	0	0	0	0	0	732,526
UAE	0	0	0	0	19,883	0	23,791	0	0	2,987	0	0	0	22,541	58,290	0	0	0	127,492
USA	0	159,265	0	97,874	0	0	295,133	0	40,233	20,374	63,196	0	0	592,354	0	0	0	0	1,268,429
United Kingdom	0	0	0	30,781	0	0	0	0	0	38,760	0	0	0	0	0	449,581	0	0	519,123
Unknown	0	0	0	0	0	0	0	0	0	0	0	0	0	0	0	0	0	0	0
Others	23,986	184,735	156,108	96,213	0	47,425	0	78,982	209,854	117,784	258,714	0	301,309	549,133	0	822,474	0	0	2,846,718
Total	23,986	366,095	227,760	354,479	701,144	529,536	3,244,914	1,053,156	2,030,758	1,010,268	886,397	878,814	2,972,115	7,921,730	132,429	4,006,237	604,967	17,779	26,962,565

August 2022
Ecuador	Gabon	Guyana	Iran	Iraq (N)	Iraq (S)	Kazakhstan	Kuwait	Libya	Nigeria	Oman	Russia	Saudi Arabia	Sudan	USA	Venezuela	Yemen	Totals
Canada	0	0	0	0	0	0	0	0	0	30,266	0	0	66,037	0	282,267	0	0	378,571
China	0	56,858	0	662,987	0	1,212,270	133,663	502,359	0	0	744,199	917,247	1,660,697	0	322,568	425,167	62,057	6,700,071
Cuba	0	0	0	0	0	0	0	0	0	0	0	0	0	0	0	48,492	0	48,492
France	0	0	0	0	0	65,194	83,289	0	98,420	89,920	0	0	0	0	112,550	0	0	449,373
Greece	0	0	0	0	181,304	127,850	56,143	0	31,185	0	0	0	0	0	0	0	0	396,483
India	0	0	0	0	0	851,265	204,910	175,834	0	98,771	115,427	712,162	589,669	0	99,830	0	0	2,847,869
Israel	0	42,696	0	0	18,293	0	47,285	0	0	31,933	0	0	0	0	0	0	0	140,207
Italy	0	34,813	31,043	0	130,148	65,044	221,891	0	203,474	60,377	0	424,573	0	18,986	129,188	0	0	1,319,538
Japan	0	0	0	0	0	0	0	230,128	0	0	40,933	0	1,086,307	0	60,331	0	0	1,417,699
Malaysia	0	0	0	0	0	0	0	35,190	97,926	0	0	0	324,395	18,490	0	0	0	476,001
Netherlands	0	0	223,482	0	0	143,011	49,671	0	0	35,264	0	459,432	0	0	314,961	0	0	1,225,821
SUMED Pipeline	0	0	0	0	23,606	60,614	0	134,450	0	0	0	23,647	1,082,951	0	0	0	0	1,325,268
Singapore	0	0	0	0	0	31,617	24,233	11,715	0	0	0	22,225	22,952	17,859	265,304	0	0	395,905
South Korea	0	0	0	0	0	154,688	67,895	304,379	0	60,326	0	24,428	837,303	0	466,000	0	0	1,915,020
Spain	0	0	33,407	0	0	96,617	67,966	0	94,355	91,797	0	0	0	0	141,445	0	0	525,587
Syria	0	0	0	152,219	0	0	0	0	0	0	0	0	0	0	0	0	0	152,219
Taiwan	0	0	0	0	0	32,135	0	198,655	0	0	33,834	0	261,148	0	266,955	0	0	792,728
Thailand	0	0	0	0	0	0	0	0	0	0	0	0	61,341	0	65,743	0	0	127,084
Turkey	0	0	0	0	22,051	135,807	137,478	0	0	0	0	389,514	0	0	0	0	0	684,850
UAE	0	0	0	15,748	24,411	0	0	83,962	0	0	0	47,433	82,026	75,499	0	0	0	329,078
USA	224,895	23,938	31,299	0	0	282,853	0	25,852	0	58,885	0	0	308,172	0	0	0	0	955,894
United Kingdom	0	0	28,616	0	0	0	0	0	86,402	31,906	0	0	0	0	447,972	0	0	594,897
Unknown	0	0	0	61,695	0	0	0	0	0	0	0	0	0	0	0	0	0	61,695
Others	141,996	0	0	0	0	0	38,746	60,441	105,953	399,775	0	328,336	541,318	0	987,348	0	0	2,603,914
Total	366,891	158,305	347,848	892,649	399,813	3,258,965	1,133,171	1,762,966	717,716	989,220	934,393	3,348,997	6,924,318	130,833	3,962,463	473,660	62,057	25,864,263


July 2022
DRC	Ecuador	Gabon	Guyana	Iran	Iraq (N)	Iraq (S)	Kazakhstan	Kuwait	Libya	Nigeria	Oman	Russia	Saudi Arabia	Sudan	USA	Venezuela	Yemen	Totals
Canada	0	0	0	0	0	0	0	0	0	0	30,644	0	0	66,450	0	253,428	0	0	350,523
China	0	0	22,814	0	965,896	0	891,015	33,288	477,674	63,006	0	616,220	820,417	1,194,873	53,040	254,514	435,776	0	5,828,531
Cuba	0	0	0	0	0	0	0	0	0	0	0	0	23,158	0	0	0	22,232	0	45,389
France	0	0	20,251	0	0	0	0	181,047	0	0	92,946	0	0	64,102	0	116,310	0	0	474,655
Greece	0	0	0	0	0	47,611	99,610	109,797	0	89,904	0	0	29,393	0	0	0	0	0	376,315
India	0	0	0	0	0	0	822,439	189,617	328,023	0	54,994	30,446	888,263	850,716	0	170,173	0	0	3,334,670
Israel	23,613	0	30,783	0	0	56,308	0	0	0	0	0	0	0	0	0	0	0	0	110,704
Italy	0	0	47,285	94,536	0	164,760	163,448	236,803	0	120,284	19,501	0	346,834	0	0	192,615	0	0	1,386,065
Japan	0	0	0	0	0	0	0	0	183,287	0	0	44,471	0	1,104,990	0	0	0	0	1,332,749
Malaysia	0	0	32,015	0	0	0	0	0	0	32,507	60,909	0	0	276,237	0	0	0	0	401,668
Netherlands	0	0	0	26,052	0	0	138,859	163,401	0	0	54,384	0	358,601	0	0	379,525	0	0	1,120,822
SUMED Pipeline	0	0	0	0	0	0	195,819	0	0	0	0	0	0	816,474	0	0	0	0	1,012,293
Singapore	0	0	0	0	0	31,417	34,209	0	30,887	0	0	0	0	195,224	0	324,284	0	0	616,021
South Korea	0	0	0	0	0	0	228,659	98,424	118,893	0	12,367	76,181	45,810	1,232,646	0	420,550	0	0	2,233,529
Spain	0	0	0	0	0	0	122,593	55,470	0	62,115	166,728	0	57,126	0	0	191,780	29,353	0	685,164
Syria	0	0	0	0	60,669	0	0	0	0	0	0	0	0	0	0	0	0	0	60,669
Taiwan	0	0	0	0	0	0	0	0	161,433	0	22,686	60,437	0	136,212	0	258,875	0	0	639,643
Thailand	0	0	0	0	0	0	0	0	62,660	0	0	24,788	0	240,301	0	32,982	0	17,609	378,341
Turkey	0	0	29,209	0	0	58,504	231,354	87,905	0	0	32,370	0	201,709	0	0	0	0	0	641,051
UAE	0	0	0	0	21,093	0	0	23,929	25,459	0	0	0	23,056	22,813	69,591	0	0	0	185,940
USA	0	87,181	0	194,807	0	0	284,584	25,970	26,926	0	79,174	0	0	302,267	0	0	0	0	1,000,910
United Kingdom	0	0	0	0	0	0	0	22,483	0	40,426	30,973	0	0	0	0	297,085	0	0	390,967
Unknown	0	0	0	0	9,729	0	0	0	0	0	0	0	0	0	0	0	0	0	9,729
Others	0	219,177	29,764	0	0	93,006	70,813	82,374	201,527	122,270	383,754	0	363,430	408,799	0	950,094	0	0	2,925,008
Total	23,613	306,358	212,119	315,395	1,057,387	451,607	3,283,402	1,310,507	1,616,770	530,512	1,041,430	852,542	3,157,795	6,912,104	122,631	3,842,216	487,360	17,609	25,541,357

June 2022
DRC	Ecuador	Gabon	Guyana	Iran	Iraq (N)	Iraq (S)	Kazakhstan	Kuwait	Libya	Nigeria	Oman	Russia	Saudi Arabia	Sudan	USA	Venezuela	Yemen	Totals
Canada	0	0	0	0	0	0	0	0	0	19,686	63,438	0	0	34,529	0	321,564	0	0	439,216
China	0	0	23,677	0	797,882	0	823,877	106,305	598,215	69,505	0	502,812	1,226,897	1,243,485	0	68,224	393,193	0	5,854,072
Cuba	0	0	0	0	0	0	0	0	0	0	0	0	0	0	0	0	47,363	0	47,363
France	0	0	17,485	0	0	0	179,690	69,159	0	34,549	85,768	0	0	99,284	0	200,895	0	0	686,829
Greece	0	0	0	0	0	245,381	65,794	46,230	0	85,821	0	0	21,778	0	0	0	0	0	465,004
India	0	0	0	0	0	0	983,526	57,050	167,013	0	20,050	113,894	706,231	680,450	0	382,205	0	0	3,110,420
Israel	0	0	0	0	0	7,755	0	50,531	0	0	0	0	0	0	0	0	0	0	58,286
Italy	0	0	18,139	67,901	0	151,236	67,339	310,672	0	142,855	64,260	0	474,354	23,467	38,423	210,698	21,855	0	1,591,199
Japan	0	0	0	0	0	0	0	0	182,839	0	0	72,070	0	1,265,386	0	69,167	0	0	1,589,462
Malaysia	30,072	0	31,102	0	0	0	0	0	37,552	0	38,200	3,364	0	173,244	19,218	0	0	0	332,753
Netherlands	0	0	0	67,703	0	0	203,223	129,401	0	32,880	102,314	0	473,282	0	0	321,778	0	0	1,330,580
SUMED Pipeline	0	0	0	0	0	0	38,265	0	65,050	0	0	0	0	676,160	0	0	0	0	779,475
Singapore	0	0	31,939	0	0	0	0	69,385	0	0	0	0	24,210	24,246	19,055	408,972	0	0	577,808
South Korea	0	32,999	0	0	0	0	284,221	34,328	225,850	0	25,138	139,780	25,265	975,019	0	414,835	0	0	2,157,435
Spain	0	0	0	34,701	0	0	138,449	23,996	0	38,277	147,190	0	24,461	0	0	193,967	0	0	601,041
Syria	0	0	0	0	76,654	0	0	0	0	0	0	0	0	0	0	0	0	0	76,654
Taiwan	0	0	0	0	0	0	0	0	304,097	0	0	60,007	0	253,345	0	68,796	0	0	686,244
Thailand	0	0	0	0	0	0	0	0	35,141	0	0	0	0	163,164	0	68,018	0	63,438	329,761
Turkey	0	0	0	0	0	54,017	242,509	91,904	0	0	30,895	0	260,946	0	0	0	0	0	680,271
UAE	0	0	0	0	21,796	0	0	0	0	0	0	0	0	41,513	37,600	0	0	0	100,908
USA	0	68,218	0	66,343	0	0	237,242	0	26,161	0	86,137	0	0	431,064	0	0	0	0	915,165
United Kingdom	0	0	0	0	0	0	0	0	0	0	43,011	0	0	0	0	215,144	0	0	258,155
Unknown	0	0	0	0	59,881	0	0	0	0	0	0	0	0	0	0	0	0	0	59,881
Others	0	260,678	21,506	31,608	93,762	42,443	79,786	45,161	128,633	83,352	248,765	0	398,616	453,859	0	806,154	0	0	2,694,321
Total	30,072	361,896	143,848	268,255	1,049,974	500,832	3,343,922	1,034,122	1,770,551	506,924	955,167	891,929	3,636,039	6,538,213	114,297	3,750,417	462,411	63,438	25,422,305

May 2022
DRC	Ecuador	Gabon	Guyana	Iran	Iraq (N)	Iraq (S)	Kazakhstan	Kuwait	Libya	Nigeria	Oman	Russia	Saudi Arabia	Sudan	USA	Venezuela	Yemen	Totals
Canada	0	0	0	0	0	0	0	0	0	38,943	51,647	0	0	32,811	0	256,369	0	0	379,770
China	0	0	40,820	0	404,872	0	769,211	68,561	656,404	66,962	0	623,368	1,115,863	1,127,297	0	68,589	239,162	0	5,181,109
Cuba	0	0	0	0	0	0	0	0	0	0	0	0	0	0	0	0	25,920	0	25,920
France	0	0	0	0	0	0	33,511	96,430	0	17,075	23,368	0	46,897	27,567	0	204,296	0	0	449,145
Greece	0	0	0	0	0	119,585	96,763	195,412	0	73,290	0	0	23,453	0	0	0	0	0	508,503
India	0	0	31,696	0	0	0	1,172,235	135,009	223,743	0	74,149	142,795	725,146	772,552	0	274,340	0	0	3,551,664
Israel	0	0	0	0	0	22,462	0	0	0	0	0	0	0	0	0	0	0	0	22,462
Italy	0	0	40,709	32,891	0	168,968	128,467	342,326	0	247,963	82,107	0	309,608	0	0	208,255	0	17,276	1,578,570
Japan	0	0	32,313	0	0	0	0	0	258,092	0	0	17,258	20,300	993,836	0	0	0	0	1,321,799
Malaysia	0	0	0	0	33,750	0	25,612	0	0	0	0	0	0	351,528	40,762	0	0	0	451,652
Netherlands	0	0	0	63,204	0	0	204,245	113,347	0	0	96,143	0	468,067	0	0	338,341	0	0	1,283,347
SUMED Pipeline	0	0	0	0	0	0	0	0	68,245	0	0	0	0	862,634	0	0	0	0	930,879
Singapore	0	0	34,331	0	0	0	0	33,404	0	0	0	0	23,355	61,293	0	273,671	0	0	426,054
South Korea	0	0	0	0	0	0	154,243	170,319	237,275	0	13,201	0	0	931,283	0	455,161	0	0	1,961,483
Spain	0	0	87,769	0	0	51,674	67,950	49,559	0	109,029	253,689	0	0	0	0	170,105	0	0	789,774
Syria	0	0	0	0	54,109	0	0	0	0	0	0	0	0	0	0	0	0	0	54,109
Taiwan	0	0	0	0	0	0	61,179	0	130,973	0	0	60,278	0	228,404	0	262,302	0	0	743,137
Thailand	0	0	0	0	0	0	0	0	0	20,874	0	0	0	135,890	0	0	0	0	156,763
Turkey	0	0	0	0	0	60,671	172,083	58,573	0	0	30,150	0	211,056	0	0	0	0	0	532,532
UAE	0	0	0	0	18,920	0	0	32,348	0	0	0	0	23,220	22,589	61,789	0	0	0	158,867
USA	0	169,838	0	127,285	0	0	379,917	23,534	0	32,871	153,086	0	0	528,984	0	0	0	0	1,415,515
United Kingdom	0	0	0	28,866	0	0	0	24,908	0	0	32,216	0	0	0	0	301,093	0	0	387,082
Unknown	0	0	0	0	64,657	0	0	0	0	0	0	0	0	0	0	0	0	0	64,657
Others	21,357	166,472	0	0	0	82,209	0	126,231	154,123	53,140	490,720	0	397,672	573,151	0	725,306	0	0	2,790,381
Total	21,357	336,310	267,638	252,246	576,308	505,569	3,265,418	1,469,963	1,728,855	660,146	1,300,475	843,698	3,364,637	6,649,820	102,551	3,537,828	265,082	17,276	25,165,176

April 2022
DRC	Ecuador	Gabon	Guyana	Iran	Iraq (N)	Iraq (S)	Kazakhstan	Kuwait	Libya	Nigeria	Oman	Russia	Saudi Arabia	Sudan	USA	Venezuela	Yemen	Totals
Canada	0	0	0	0	0	0	0	0	0	65,113	31,509	0	0	34,529	0	175,543	0	0	306,694
China	0	0	0	61,238	590,017	0	1,078,372	0	508,619	34,203	0	602,774	941,654	1,524,003	34,919	194,092	306,409	62,615	5,938,914
Cuba	0	0	0	0	0	0	0	0	0	0	0	0	0	0	0	0	35,770	0	35,770
France	0	0	0	0	0	0	57,403	137,226	0	58,150	123,773	0	40,148	32,833	0	152,596	0	0	602,128
Greece	0	0	0	0	0	121,767	98,540	199,263	0	90,987	0	0	21,790	0	0	0	0	0	532,348
India	0	28,245	34,781	0	0	0	1,261,250	105,207	236,075	33,988	236,068	158,055	708,197	825,360	0	246,391	0	0	3,873,617
Israel	0	0	0	0	0	46,506	0	50,924	0	0	0	0	0	0	0	0	0	0	97,430
Italy	0	0	38,656	0	0	149,343	164,859	476,787	0	212,617	0	0	274,118	0	31,200	184,998	0	0	1,532,580
Japan	0	0	0	0	0	0	0	0	252,814	0	0	57,385	70,625	1,049,202	0	37,306	0	0	1,467,331
Malaysia	0	0	0	0	0	0	0	0	70,933	0	0	12,413	0	205,500	40,019	0	0	0	328,864
Netherlands	0	0	0	64,310	0	0	162,643	128,995	0	0	161,396	0	446,007	66,579	0	288,248	0	0	1,318,178
SUMED Pipeline	0	0	0	0	0	0	0	0	68,033	0	0	0	0	578,420	0	0	0	0	646,453
Singapore	0	0	31,104	0	0	0	0	0	12,521	0	0	0	0	63,908	0	341,141	0	0	448,674
South Korea	0	0	32,045	0	0	0	214,351	69,870	176,834	0	12,291	32,550	167,163	938,992	0	276,582	0	0	1,920,678
Spain	0	0	0	0	0	58,277	67,640	34,978	0	51,174	98,565	0	48,323	24,199	0	203,437	0	0	586,594
Syria	0	0	0	0	75,511	0	0	0	0	0	0	0	0	0	0	0	0	0	75,511
Taiwan	0	0	0	0	0	0	0	0	161,536	0	0	21,939	0	216,174	0	67,844	0	0	467,493
Thailand	0	0	0	0	0	0	0	0	12,814	20,027	0	0	23,052	141,277	0	66,297	0	0	263,468
Turkey	23,921	0	0	0	0	61,574	102,295	85,286	0	19,986	34,199	0	236,320	0	0	0	0	0	563,580
UAE	0	0	0	0	23,467	0	0	33,199	0	0	32,998	0	49,447	22,781	42,614	0	0	0	204,506
USA	0	148,941	17,196	58,361	0	0	230,914	0	25,544	0	87,803	0	0	531,694	0	0	0	0	1,100,452
United Kingdom	0	0	0	0	0	0	0	48,282	0	67,555	29,940	0	24,944	0	0	328,026	0	0	498,746
Unknown	0	0	0	0	0	0	0	0	0	0	0	0	0	0	0	0	0	0	0
Others	0	167,803	34,027	0	70,605	68,875	0	82,058	196,038	90,612	229,899	0	551,488	334,780	0	798,418	0	0	2,624,603
Total	23,921	344,989	187,809	183,909	759,600	506,343	3,438,266	1,452,074	1,721,761	744,413	1,078,440	885,117	3,603,276	6,590,230	148,752	3,360,919	342,179	62,615	25,434,612


March 2022
DRC	Ecuador	Gabon	Guyana	Iran	Iraq (N)	Iraq (S)	Kazakhstan	Kuwait	Libya	Nigeria	Oman	Russia	Saudi Arabia	Sudan	USA	Venezuela	Yemen	Totals
Canada	0	0	0	0	0	0	0	0	0	18,056	90,441	0	0	43,684	0	301,034	0	0	453,214
China	0	0	29,718	0	861,626	0	1,003,829	134,393	642,349	65,852	0	545,172	733,379	1,689,238	0	289,945	613,871	0	6,609,374
Cuba	0	0	0	0	0	0	0	0	0	0	0	0	0	0	0	0	11,029	0	11,029
France	0	0	0	0	0	0	0	66,306	0	70,344	37,469	0	62,933	22,608	0	142,236	0	0	401,897
Greece	0	0	0	0	0	63,879	154,556	57,760	0	32,454	0	0	47,846	0	0	0	0	0	356,495
India	0	52,521	0	0	0	0	1,269,366	67,923	179,430	0	100,991	248,969	412,836	940,779	0	270,843	0	17,073	3,560,731
Israel	0	0	0	0	0	83,394	0	62,198	0	0	0	0	0	0	0	0	0	0	145,592
Italy	0	0	0	0	0	163,777	33,555	179,055	0	314,900	137,858	0	241,979	0	0	185,959	0	0	1,257,083
Japan	0	30,636	0	0	0	0	0	0	224,734	0	0	37,420	92,471	1,382,087	0	10,829	0	0	1,778,178
Malaysia	0	0	28,519	0	0	0	0	0	64,550	63,378	0	0	0	179,950	18,426	0	0	0	354,823
Netherlands	0	0	26,053	0	0	0	0	47,295	0	9,140	73,783	0	427,178	0	0	180,250	0	0	763,698
SUMED Pipeline	0	0	0	0	0	0	32,293	0	68,023	0	0	0	0	410,850	0	0	0	0	511,166
Singapore	0	0	0	0	0	0	48,318	0	0	0	0	0	0	128,111	17,609	403,080	0	0	597,118
South Korea	0	0	0	0	0	0	201,399	169,069	351,640	0	12,220	62,207	158,925	926,158	0	409,189	0	0	2,290,807
Spain	0	0	0	0	0	31,493	66,157	35,307	0	157,895	336,321	0	0	0	0	245,445	0	0	872,617
Syria	0	0	0	0	70,101	0	0	0	0	0	0	0	0	0	0	0	0	0	70,101
Taiwan	0	0	0	0	0	0	0	0	69,832	0	0	41,033	0	246,989	0	197,747	0	0	555,601
Thailand	0	0	0	0	0	0	0	0	11,027	33,600	0	0	22,303	34,513	0	67,924	0	0	169,367
Turkey	0	0	0	0	0	27,356	207,764	99,360	0	36,701	29,909	0	149,457	0	0	0	0	0	550,547
UAE	0	0	0	0	23,563	0	10,033	0	0	0	0	0	0	0	39,826	0	0	0	73,422
USA	0	84,693	0	126,967	0	0	194,988	22,277	49,328	0	60,368	0	22,307	368,326	0	0	0	0	929,254
United Kingdom	0	0	0	0	0	0	0	63,531	0	0	33,863	0	23,420	0	0	238,804	0	0	359,617
Unknown	0	0	0	0	45,995	0	0	0	0	0	0	0	0	0	0	0	0	0	45,995
Others	21,085	173,034	67,855	0	0	42,598	18,168	89,119	213,704	96,922	261,504	0	402,727	438,118	0	560,105	0	0	2,384,939
Total	21,085	340,885	152,145	126,967	1,001,286	412,497	3,240,425	1,093,593	1,874,617	899,241	1,174,727	934,801	2,797,761	6,811,413	75,861	3,503,389	624,901	17,073	25,102,666

February 2022
DRC	Ecuador	Gabon	Guyana	Iran	Iraq (N)	Iraq (S)	Kazakhstan	Kuwait	Libya	Nigeria	Oman	Russia	Saudi Arabia	Sudan	USA	Venezuela	Yemen	Totals
Canada	0	0	0	0	0	0	0	0	0	40,804	0	0	0	0	0	175,260	0	0	216,064
China	0	0	33,325	35,419	530,169	0	931,834	185,721	762,013	72,873	0	786,534	503,008	1,526,890	0	250,174	512,057	65,948	6,195,965
Cuba	0	0	0	0	0	0	0	0	0	0	0	0	25,856	0	0	0	27,378	0	53,234
France	0	0	0	0	0	0	36,374	210,081	0	120,238	128,010	0	80,799	0	0	126,958	0	0	702,460
Greece	0	0	8,212	0	0	124,676	151,847	180,946	0	38,272	0	0	35,716	0	0	0	0	0	539,668
India	0	32,853	0	0	0	0	957,948	37,764	293,857	0	192,077	109,967	0	917,621	0	208,912	0	0	2,751,000
Israel	24,638	0	0	0	0	31,787	0	50,044	0	0	34,225	0	0	0	0	0	0	0	140,694
Italy	0	0	0	0	0	209,261	184,178	412,842	0	474,886	96,682	0	84,551	0	22,317	119,720	0	0	1,604,436
Japan	0	0	0	0	0	0	0	0	303,113	0	0	15,195	99,933	1,316,793	0	0	0	0	1,735,034
Malaysia	0	0	32,182	0	0	0	0	0	0	37,242	0	0	48,850	287,255	0	0	0	0	405,529
Netherlands	0	0	0	0	0	0	73,399	151,040	0	0	125,322	0	262,117	0	0	288,939	0	0	900,817
SUMED Pipeline	0	0	0	0	0	0	0	0	0	0	0	0	0	744,393	0	0	0	0	744,393
Singapore	0	0	32,034	0	0	0	42,206	0	69,638	36,331	0	0	24,699	104,255	0	479,507	0	0	788,670
South Korea	0	0	32,243	0	0	0	223,075	112,431	248,472	0	0	0	125,492	963,058	0	383,626	0	0	2,088,398
Spain	0	0	0	0	0	55,386	0	101,543	0	63,389	199,488	0	53,472	0	0	119,846	0	0	593,125
Syria	0	0	0	0	80,422	0	0	0	0	0	0	0	0	0	0	0	0	0	80,422
Taiwan	0	0	0	0	0	0	0	0	212,195	0	0	69,521	0	138,358	0	146,239	0	0	566,312
Thailand	0	0	0	0	0	0	0	0	19,559	0	0	0	0	140,563	0	0	0	0	160,122
Turkey	0	0	0	0	0	31,187	326,184	72,191	0	41,697	62,778	0	82,656	0	0	0	0	0	616,691
UAE	0	0	0	0	19,815	0	0	0	11,894	0	0	0	0	0	41,466	0	0	0	73,175
USA	0	105,431	0	35,028	0	0	251,800	0	28,136	0	69,315	0	49,396	400,009	0	0	0	0	939,116
United Kingdom	0	0	0	0	0	0	0	21,651	0	34,664	125,363	0	15,428	0	0	200,103	0	0	397,208
Unknown	0	0	0	0	0	0	0	0	0	0	0	0	0	0	0	0	0	0	0
Others	0	188,342	29,931	26,606	70,431	0	111,694	120,854	137,445	52,430	270,742	0	994,478	416,714	0	417,770	0	0	2,837,436
Total	24,638	326,627	167,927	97,053	700,836	452,298	3,290,538	1,657,107	2,086,323	1,012,827	1,304,002	981,217	2,486,449	6,955,908	63,782	2,917,052	539,436	65,948	25,129,968

January 2022
Ecuador	Gabon	Guyana	Iran	Iraq (N)	Iraq (S)	Kazakhstan	Kuwait	Libya	Nigeria	Oman	Russia	Saudi Arabia	Sudan	USA	Venezuela	Yemen	Totals
Canada	0	0	0	0	0	0	0	0	78,965	59,657	0	0	0	0	213,659	0	0	352,281
China	58,150	122,986	0	855,023	0	1,031,877	35,077	485,972	0	0	690,939	539,835	1,500,869	0	66,319	232,847	0	5,619,894
Cuba	0	0	0	0	0	0	0	0	0	0	0	0	0	0	0	21,807	0	21,807
France	0	0	0	0	0	126,767	69,075	22,959	0	0	0	86,341	30,243	0	182,082	0	0	517,467
Greece	0	0	0	0	153,920	138,998	76,244	0	57,571	0	0	47,203	0	0	0	0	0	473,936
India	0	0	0	0	0	1,216,404	33,303	242,915	0	263,323	103,867	0	938,905	0	520,588	0	17,079	3,336,385
Israel	0	0	0	0	112,313	0	69,398	0	0	31,643	0	0	0	0	0	0	0	213,354
Italy	0	0	0	0	135,534	0	272,220	0	345,729	31,855	0	95,277	0	16,986	207,383	0	0	1,104,985
Japan	42,952	0	0	0	0	0	0	153,814	0	0	0	113,717	1,128,326	0	23,023	0	0	1,461,833
Malaysia	0	0	0	0	0	0	0	88,193	0	61,860	35,912	0	89,081	19,182	0	0	0	294,228
Netherlands	0	0	0	0	0	67,893	104,953	0	39,496	141,006	0	459,807	62,939	0	240,280	0	0	1,116,374
SUMED Pipeline	0	0	0	0	0	0	0	0	0	0	0	0	612,475	0	0	0	0	612,475
Singapore	0	31,529	0	0	0	0	0	0	0	0	0	0	179,138	40,280	295,250	0	0	546,197
South Korea	0	31,168	0	0	0	194,674	101,836	438,168	0	11,892	0	110,946	814,835	0	396,911	0	0	2,100,431
Spain	0	0	0	0	0	32,765	105,890	0	112,556	153,894	0	70,347	0	0	158,308	0	0	633,760
Syria	0	0	0	78,114	0	0	0	0	0	0	0	0	0	0	0	0	0	78,114
Taiwan	0	0	0	0	0	0	0	121,556	0	0	0	0	238,950	0	133,027	0	0	493,533
Thailand	0	0	0	0	0	0	0	28,608	0	151,708	0	22,307	34,579	0	47,693	0	0	284,894
Turkey	0	0	0	0	58,368	168,351	131,192	0	19,688	0	0	126,244	0	0	0	0	0	503,843
UAE	0	0	0	0	0	0	0	0	0	0	0	0	113,565	39,034	0	0	0	152,600
USA	116,074	0	63,436	62,475	0	232,242	25,410	25,418	32,330	57,399	0	23,297	356,452	0	0	0	0	994,534
United Kingdom	0	0	28,939	0	0	0	20,698	0	32,731	14,560	0	38,112	0	0	215,872	0	0	350,913
Unknown	0	0	0	33,902	0	0	0	0	0	0	0	0	0	0	0	0	0	33,902
Others	76,020	0	31,364	0	42,721	18,930	167,459	140,839	160,300	296,281	0	875,517	524,499	0	638,169	0	0	2,972,099
Total	293,198	185,684	123,739	1,029,515	502,857	3,228,902	1,212,754	1,748,442	879,365	1,275,079	830,718	2,608,952	6,624,856	115,482	3,338,563	254,654	17,079	24,269,840

December 2021
DRC	Ecuador	Gabon	Guyana	Iran	Iraq (N)	Iraq (S)	Kazakhstan	Kuwait	Libya	Nigeria	Oman	Russia	Saudi Arabia	Sudan	USA	Venezuela	Yemen	Totals
Canada	0	0	0	0	0	0	0	0	0	59,449	59,803	0	0	0	0	329,109	0	0	448,361
China	28,792	0	62,544	0	731,986	0	1,125,093	33,585	620,041	65,087	0	658,401	626,566	1,373,080	20,103	193,313	430,264	0	5,968,852
Cuba	0	0	0	0	0	0	0	0	0	0	0	0	23,449	0	0	0	46,635	0	70,084
France	0	0	0	0	0	0	0	118,966	0	38,372	171,431	0	63,206	0	0	69,200	0	0	461,176
Greece	0	0	0	0	0	179,863	64,483	77,752	0	154,038	0	0	33,747	0	0	0	0	0	509,883
India	0	0	99,976	0	0	0	1,197,786	33,197	176,115	0	144,969	198,175	0	881,081	0	539,063	0	0	3,270,362
Israel	0	0	21,605	0	0	0	0	0	0	0	0	0	18,391	0	0	0	0	0	39,996
Italy	0	0	0	0	0	79,361	33,548	430,403	0	322,031	163,898	0	304,486	0	0	122,532	0	0	1,456,260
Japan	0	0	0	0	0	0	0	34,581	249,848	0	0	24,724	45,160	1,407,458	0	34,953	0	0	1,796,724
Malaysia	0	0	0	0	0	0	0	0	0	33,341	0	0	0	27,929	18,544	0	57,194	0	137,008
Netherlands	0	0	0	0	0	0	0	42,355	0	0	74,561	0	502,045	64,441	0	446,311	0	0	1,129,712
SUMED Pipeline	0	0	0	0	0	0	0	0	0	0	0	0	0	618,026	0	0	0	0	618,026
Singapore	0	0	19,425	0	0	0	104,008	0	0	0	61,823	0	0	265,235	0	75,396	0	0	525,886
South Korea	0	0	30,686	0	0	0	201,274	98,915	381,585	0	0	0	385,063	769,718	0	463,337	0	0	2,330,578
Spain	0	0	32,225	33,441	0	71,909	31,611	143,633	0	58,951	150,352	0	0	0	0	66,529	0	0	588,650
Syria	0	0	0	0	94,324	0	0	0	0	0	0	0	0	0	0	0	0	0	94,324
Taiwan	0	0	0	0	0	0	0	0	154,161	0	0	60,163	0	185,969	0	201,671	0	0	601,964
Thailand	0	0	0	0	0	0	0	0	13,093	37,085	0	0	0	102,684	0	55,494	0	0	208,356
Turkey	0	0	0	0	0	67,598	130,730	46,244	0	0	30,151	0	135,947	0	0	0	0	0	410,669
UAE	0	0	0	0	30,299	0	0	0	0	0	0	0	0	76,810	58,725	0	0	18,491	184,325
USA	0	23,859	0	65,642	0	0	234,266	55,441	24,614	0	0	0	0	417,056	0	0	0	0	820,878
United Kingdom	0	0	0	0	0	0	0	26,156	0	0	95,699	0	11,804	0	0	236,048	0	0	369,707
Unknown	0	31,388	0	0	33,083	0	0	0	0	0	0	0	0	0	0	0	0	0	64,471
Others	0	13,588	0	0	0	80,459	0	205,101	206,888	110,081	300,253	0	859,045	596,613	0	511,054	0	0	2,883,083
Total	28,792	68,836	266,460	99,083	889,692	479,190	3,122,800	1,346,328	1,826,345	878,435	1,252,940	941,463	3,008,908	6,786,100	97,371	3,344,011	534,093	18,491	24,989,338

November 2021
Ecuador	Gabon	Guyana	Iran	Iraq (N)	Iraq (S)	Kazakhstan	Kuwait	Libya	Nigeria	Oman	Russia	Saudi Arabia	Sudan	USA	Venezuela	Yemen	Totals
Canada	0	0	0	0	0	0	0	0	37,060	113,240	0	0	31,076	0	255,768	0	0	437,143
China	0	31,333	0	781,232	0	1,109,908	69,926	500,437	0	38,990	675,534	518,877	1,613,148	18,798	412,948	458,214	0	6,229,345
Cuba	0	0	0	0	0	0	0	0	0	0	0	48,175	0	0	0	45,959	0	94,134
France	0	0	0	0	0	33,932	147,257	0	39,808	155,870	0	117,552	0	0	117,617	0	0	612,036
Greece	0	0	0	0	98,754	66,727	68,163	0	82,620	0	0	47,814	0	0	0	0	0	364,077
India	0	0	0	0	0	1,213,263	34,029	296,854	0	65,604	30,797	24,237	929,622	0	416,659	0	0	3,011,066
Israel	0	21,162	0	0	20,098	0	70,739	0	0	31,635	0	0	0	0	0	0	0	143,633
Italy	0	0	33,024	0	173,465	0	279,572	0	387,019	116,981	0	71,705	0	18,678	78,886	0	0	1,159,329
Japan	10,786	0	0	0	0	23,239	0	171,327	0	0	0	90,168	1,047,651	0	0	0	0	1,343,170
Malaysia	0	0	0	0	0	0	0	0	32,705	0	67,294	0	93,120	19,226	0	0	0	212,344
Netherlands	0	0	34,574	0	0	32,599	109,284	0	0	62,229	0	389,922	0	0	278,561	0	0	907,169
SUMED Pipeline	0	0	0	0	0	0	0	132,507	0	0	0	0	905,109	0	0	0	0	1,037,617
Singapore	0	32,866	0	0	0	0	0	0	34,512	0	0	0	268,246	32,046	89,782	0	0	457,452
South Korea	0	0	0	0	0	221,770	103,982	292,308	0	12,468	0	230,843	702,124	0	605,618	0	0	2,169,113
Spain	0	31,058	0	0	34,018	102,875	64,563	0	109,506	180,707	0	24,661	0	0	99,401	0	0	646,789
Syria	0	0	0	84,135	0	0	0	0	0	0	0	0	0	0	0	0	0	84,135
Taiwan	0	0	0	0	0	0	0	197,986	0	60,518	63,305	0	178,876	0	202,095	0	0	702,780
Thailand	0	0	0	0	0	0	0	0	0	0	0	0	130,817	0	0	0	38,060	168,877
Turkey	0	0	0	0	0	173,849	103,064	0	27,616	0	0	24,309	0	0	0	0	0	328,838
UAE	0	0	0	37,206	0	0	0	0	0	0	0	0	140,328	31,924	0	0	0	209,459
USA	117,445	0	64,747	0	0	267,113	126,508	25,199	0	73,369	0	44,771	272,284	0	0	0	0	991,436
United Kingdom	0	0	0	0	0	0	0	0	73,436	29,849	0	12,198	0	0	283,113	0	0	398,596
Unknown	43,878	0	0	56,153	0	0	0	0	0	0	0	0	0	0	0	54,555	0	154,585
Others	90,144	64,650	0	0	114,298	0	80,761	189,668	144,661	351,293	0	758,023	468,685	0	761,253	0	0	3,023,435
Total	262,253	181,069	132,345	958,726	440,634	3,245,275	1,257,846	1,806,287	968,942	1,292,752	836,930	2,403,254	6,781,086	120,671	3,601,701	558,727	38,060	24,886,558

October 2021
DRC	Ecuador	Gabon	Guyana	Iran	Iraq (N)	Iraq (S)	Kazakhstan	Kuwait	Libya	Nigeria	Oman	Russia	Saudi Arabia	Sudan	USA	Venezuela	Yemen	Totals
Canada	0	0	0	0	0	0	0	0	0	39,382	31,412	0	0	29,318	0	198,489	0	0	298,602
China	28,792	10,570	0	0	545,524	0	851,547	65,343	584,053	132,603	0	654,029	318,704	1,517,881	0	66,508	376,058	0	5,151,613
Cuba	0	0	0	0	0	0	0	0	0	0	0	0	0	0	0	0	22,350	0	22,350
France	0	0	0	0	0	0	69,308	73,206	0	37,164	138,255	0	70,302	32,977	0	166,391	0	0	587,604
Greece	0	0	0	0	0	91,497	140,370	108,836	0	51,752	0	0	62,906	0	0	0	0	0	455,360
India	0	0	0	0	0	0	876,019	0	307,943	0	261,787	63,244	23,137	618,235	0	268,855	0	0	2,419,221
Israel	0	0	0	0	0	22,051	0	67,136	0	0	32,526	0	0	0	0	22,830	0	0	144,541
Italy	0	0	0	0	0	180,872	166,942	279,583	0	415,348	30,304	0	141,982	0	0	134,397	0	0	1,349,428
Japan	0	9,781	0	0	0	0	0	0	220,555	0	0	0	137,350	1,119,600	0	0	0	0	1,487,285
Malaysia	0	0	0	0	10,607	0	0	0	0	32,783	71,628	0	22,992	87,150	0	0	0	0	225,159
Netherlands	0	0	0	0	0	0	69,690	166,779	0	66,902	61,726	0	381,860	32,732	0	288,255	0	0	1,067,944
SUMED Pipeline	0	0	0	0	0	0	65,357	0	0	0	0	0	0	573,018	0	0	0	0	638,375
Singapore	0	0	61,934	0	0	0	0	0	0	0	64,224	30,400	0	91,920	0	87,168	0	0	335,646
South Korea	0	55,413	28,945	0	0	0	170,820	105,025	180,325	0	0	0	224,247	902,752	0	155,591	0	0	1,823,118
Spain	0	0	0	0	0	52,483	0	69,624	0	53,019	266,885	0	71,368	0	0	112,922	0	0	626,302
Syria	0	0	0	0	81,865	0	0	0	0	0	0	0	0	0	0	0	0	0	81,865
Taiwan	0	0	0	0	0	0	0	0	93,422	0	0	61,582	0	228,806	0	0	0	0	383,810
Thailand	0	0	0	0	0	0	0	0	0	0	0	0	0	99,142	0	88,953	0	0	188,095
Turkey	0	0	0	0	0	57,962	332,238	164,641	0	19,685	0	0	22,879	0	0	0	0	0	597,405
UAE	0	0	0	0	20,028	0	11,683	0	22,718	0	0	0	0	0	68,679	0	0	18,018	141,125
USA	0	107,480	0	93,763	0	0	240,931	56,233	23,920	0	0	0	23,212	638,574	0	0	0	0	1,184,113
United Kingdom	0	0	0	0	0	0	0	0	0	51,099	89,936	0	24,509	0	0	261,442	0	0	426,986
Unknown	0	95,771	0	0	0	0	0	0	0	0	0	0	0	0	20,908	0	123,294	0	239,973
Others	0	34,298	0	0	22,103	47,801	0	137,418	204,417	158,581	251,274	12,985	890,312	469,267	0	515,262	0	0	2,743,717
Total	28,792	313,313	90,879	93,763	680,126	452,666	2,994,903	1,293,824	1,637,353	1,058,318	1,299,956	822,240	2,415,762	6,441,373	89,587	2,367,063	521,702	18,018	22,619,640

September 2021
Ecuador	Gabon	Guyana	Iran	Iraq (N)	Iraq (S)	Kazakhstan	Kuwait	Libya	Nigeria	Oman	Russia	Saudi Arabia	Sudan	USA	Venezuela	Yemen	Totals
Canada	0	0	0	0	0	0	0	0	43,030	62,588	0	0	0	0	168,537	0	0	274,155
China	10,665	30,721	0	753,840	0	1,010,808	70,731	538,223	35,109	13,277	635,431	328,869	1,583,796	0	107,955	404,706	0	5,524,132
Cuba	0	0	0	0	0	0	0	0	0	0	0	0	0	0	0	24,922	0	24,922
France	0	30,988	0	0	0	0	56,275	0	78,184	143,281	0	46,004	33,356	0	146,084	0	0	534,171
Greece	0	0	0	0	134,689	143,279	82,497	0	72,194	0	0	0	0	0	0	0	0	432,659
India	31,616	96,296	0	0	0	999,594	0	205,694	0	116,612	127,995	23,600	733,894	0	315,362	0	0	2,650,663
Israel	0	21,162	0	0	23,423	0	67,542	0	0	0	0	0	0	0	0	0	0	112,126
Italy	0	0	0	0	258,905	66,893	199,977	0	432,800	95,267	0	58,095	0	19,970	71,531	0	17,133	1,220,571
Japan	0	0	0	0	0	0	0	355,038	0	0	26,772	47,476	1,254,569	0	0	0	0	1,683,855
Malaysia	0	0	0	0	0	36,033	0	23,154	0	0	0	0	49,332	43,263	0	0	0	151,781
Netherlands	0	31,538	0	0	0	0	140,369	0	19,545	126,856	0	546,004	32,815	0	331,934	0	0	1,229,061
SUMED Pipeline	0	0	0	0	0	265,117	0	0	0	0	0	0	629,484	0	0	0	0	894,601
Singapore	0	0	0	0	0	36,076	0	0	35,056	0	0	0	271,470	0	155,754	0	0	498,356
South Korea	0	34,007	0	0	0	112,655	142,647	298,196	0	0	38,051	300,972	904,862	0	288,320	0	0	2,119,710
Spain	0	0	0	0	59,365	35,741	97,319	0	100,000	168,770	0	25,148	0	0	144,138	0	0	630,481
Syria	0	0	0	147,223	0	0	0	0	0	0	0	0	0	0	0	0	0	147,223
Taiwan	0	0	0	0	0	0	0	121,241	0	33,536	57,449	0	193,365	0	138,217	0	0	543,809
Thailand	0	0	0	0	0	0	0	29,407	0	0	0	0	206,837	0	0	0	63,438	299,683
Turkey	0	0	0	0	61,294	242,771	122,870	0	20,119	93,969	0	42,098	0	0	0	0	0	583,121
UAE	0	0	0	45,395	0	14,510	0	11,184	0	0	0	0	0	88,720	0	0	0	159,809
USA	69,150	0	147,391	0	0	182,191	0	25,372	0	88,506	0	118,618	333,934	0	0	0	0	965,161
United Kingdom	0	0	0	0	0	0	0	0	54,607	58,598	0	99,648	0	0	133,859	0	0	346,713
Unknown	44,960	0	0	0	0	0	0	0	0	0	0	0	0	0	0	0	0	44,960
Others	79,352	0	0	0	25,693	35,046	171,295	128,594	25,384	397,272	0	556,987	340,465	0	602,729	0	0	2,362,817
Total	235,744	244,712	147,391	946,458	563,368	3,180,713	1,151,522	1,736,103	916,029	1,398,532	885,699	2,193,520	6,568,178	151,953	2,604,420	429,629	80,571	23,434,540

August 2021
DRC	Ecuador	Gabon	Guyana	Iran	Iraq (N)	Iraq (S)	Kazakhstan	Kuwait	Libya	Nigeria	Oman	Russia	Saudi Arabia	Sudan	USA	Venezuela	Yemen	Totals
Canada	0	0	0	0	0	0	0	0	0	38,116	59,564	0	0	30,083	0	172,487	0	0	300,250
China	16,369	0	30,523	0	614,855	0	992,908	64,309	527,448	0	50,570	600,041	422,218	1,673,368	0	76,090	475,865	0	5,544,564
Cuba	0	0	0	0	0	0	0	0	0	0	0	0	0	0	0	0	10,173	0	10,173
France	0	0	0	0	0	0	35,674	86,680	0	52,400	60,968	0	0	62,089	0	130,783	0	0	428,594
Greece	0	0	0	0	0	38,768	141,588	84,624	0	56,465	0	0	23,795	0	0	0	0	0	345,239
India	0	0	52,471	0	0	0	938,458	67,441	254,138	0	261,158	141,034	0	562,424	0	333,662	0	0	2,610,785
Israel	0	0	0	0	0	44,767	0	19,647	0	0	0	0	0	0	0	0	0	0	64,414
Italy	0	0	0	0	0	222,626	103,961	245,710	0	466,070	147,785	0	81,263	0	0	91,773	0	17,258	1,376,446
Japan	0	20,928	0	0	0	0	0	33,470	285,553	0	0	0	44,689	945,032	0	20,643	0	0	1,350,315
Malaysia	0	0	0	0	0	0	35,698	0	0	0	12,996	0	0	72,006	38,234	0	19,107	0	178,041
Netherlands	0	0	0	0	0	0	0	112,810	0	26,030	58,239	0	445,727	31,541	0	253,012	0	0	927,360
SUMED Pipeline	0	0	0	0	0	0	61,322	0	65,195	0	0	0	0	477,486	0	0	0	0	604,003
Singapore	0	0	30,160	0	0	0	91,516	0	0	0	0	0	0	37,805	38,415	192,805	0	0	390,702
South Korea	0	0	68,640	0	0	0	140,580	0	151,492	0	0	0	268,914	826,893	0	196,342	0	0	1,652,861
Spain	0	0	29,172	0	0	33,141	0	41,650	0	59,739	142,258	0	85,698	0	0	46,368	0	0	438,026
Syria	0	0	0	0	79,100	0	0	0	0	0	0	0	0	0	0	0	0	0	79,100
Taiwan	0	0	0	0	0	0	0	0	178,943	0	0	61,331	18,651	284,798	0	65,451	0	0	609,175
Thailand	0	0	0	0	0	0	0	0	0	0	0	0	0	28,504	0	0	0	0	28,504
Turkey	0	0	0	0	0	71,684	168,745	121,937	0	51,600	0	0	0	0	0	0	0	0	413,965
UAE	0	0	0	0	15,071	0	0	0	26,663	0	0	0	0	20,636	36,628	0	0	0	98,998
USA	0	104,005	0	63,211	8,482	0	212,662	59,059	24,714	0	29,901	0	83,846	420,828	0	0	0	0	1,006,707
United Kingdom	0	0	0	0	0	0	0	0	0	0	0	0	24,549	0	0	213,649	0	0	238,198
Unknown	0	41,876	0	0	32,057	0	0	0	0	0	0	0	0	0	0	0	0	0	73,932
Others	0	89,232	0	16,541	25,337	50,721	33,568	99,522	186,205	272,364	396,845	0	586,942	492,553	0	831,053	0	0	3,080,882
Total	16,369	256,041	210,967	79,752	774,900	461,708	2,956,679	1,036,858	1,700,352	1,022,782	1,220,284	802,406	2,086,292	5,966,045	113,278	2,624,118	505,145	17,258	21,851,234

July 2021
DRC	Ecuador	Gabon	Guyana	Iran	Iraq (N)	Iraq (S)	Kazakhstan	Kuwait	Libya	Nigeria	Oman	Russia	Saudi Arabia	Sudan	USA	Venezuela	Yemen	Totals
Canada	0	0	0	0	0	0	0	0	0	57,633	92,474	0	0	29,827	0	247,007	0	0	426,941
China	28,039	0	0	0	580,038	0	1,175,153	101,762	748,695	96,080	25,309	614,716	487,539	1,761,472	0	133,359	318,672	0	6,070,833
Cuba	0	0	0	0	0	0	0	0	0	0	0	0	0	0	0	0	56,546	0	56,546
France	0	0	0	0	0	0	57,251	65,560	0	73,155	94,688	0	70,235	0	0	93,900	0	0	454,789
Greece	0	0	0	0	0	110,492	138,687	57,663	0	34,443	0	0	23,650	0	0	0	0	0	364,934
India	0	31,210	31,997	33,397	0	0	912,386	68,205	165,224	19,562	103,433	87,471	0	586,524	0	269,346	0	0	2,308,757
Israel	0	0	0	0	0	31,380	0	40,036	0	0	0	0	0	0	0	0	0	0	71,417
Italy	0	0	0	0	0	187,217	34,920	314,442	0	366,617	103,655	0	70,020	0	18,078	91,340	0	17,025	1,203,315
Japan	0	22,375	0	0	0	0	0	0	297,255	0	0	29,013	23,312	953,385	0	0	0	0	1,325,341
Malaysia	0	0	0	0	0	0	84,328	0	0	31,703	0	0	0	31,671	22,879	64,845	19,330	0	254,756
Netherlands	0	0	0	31,026	0	0	32,834	101,470	0	64,639	0	0	253,913	66,303	0	277,896	0	0	828,081
SUMED Pipeline	0	0	0	0	0	0	62,847	0	62,503	0	0	0	0	743,814	0	0	0	0	869,163
Singapore	0	88,414	64,398	0	0	0	0	0	0	11,110	0	0	0	47,447	0	218,499	0	0	429,867
South Korea	0	0	0	0	0	0	129,148	103,034	326,302	0	0	24,020	248,229	1,125,667	0	388,348	0	0	2,344,750
Spain	0	0	0	0	0	57,381	33,176	93,337	0	107,284	319,359	0	72,131	0	0	116,396	0	0	799,065
Syria	0	0	0	0	19,304	0	0	0	0	0	0	0	0	0	0	0	0	0	19,304
Taiwan	0	0	0	0	0	0	37,718	0	174,590	0	0	60,811	0	193,987	0	68,875	0	0	535,982
Thailand	0	0	0	0	0	0	0	0	0	32,355	11,693	0	22,715	88,681	0	0	0	61,392	216,836
Turkey	0	0	0	0	0	76,144	131,447	122,673	0	18,728	29,856	0	0	0	0	0	0	0	378,849
UAE	0	0	0	0	0	0	0	0	22,545	0	0	0	0	0	49,605	0	0	0	72,150
USA	0	108,794	0	63,319	0	0	41,964	57,432	24,568	0	89,965	0	88,840	290,587	0	0	0	0	765,470
United Kingdom	0	0	0	0	0	0	0	0	0	62,590	0	0	0	0	0	234,496	0	0	297,087
Unknown	0	64,201	0	0	96,692	0	0	0	0	0	0	0	0	0	19,687	0	94,181	0	274,761
Others	0	62,619	88,445	0	19,077	50,943	64,453	158,431	212,344	79,002	396,152	21,106	543,738	486,786	0	572,184	0	0	2,755,281
Total	28,039	377,612	184,841	127,743	715,111	513,558	2,936,312	1,284,046	2,034,026	1,054,901	1,266,586	837,138	1,904,323	6,406,150	110,249	2,776,493	488,728	78,417	23,124,272

June 2021
DRC	Ecuador	Gabon	Guyana	Iran	Iraq (N)	Iraq (S)	Kazakhstan	Kuwait	Libya	Nigeria	Oman	Russia	Saudi Arabia	Sudan	USA	Venezuela	Yemen	Totals
Canada	0	0	0	0	0	0	0	0	0	40,372	123,383	0	0	33,810	0	272,162	0	0	469,727
China	29,752	0	32,323	0	691,650	0	867,013	70,697	758,620	0	60,359	528,492	439,604	1,707,514	32,080	165,457	414,329	0	5,797,890
Cuba	0	0	0	0	0	0	0	0	0	0	0	0	0	0	0	0	25,759	0	25,759
France	0	0	16,934	0	0	0	36,979	71,932	0	71,488	0	0	120,290	65,864	0	140,070	0	0	523,557
Greece	0	0	0	0	0	114,510	99,666	67,621	0	19,645	0	0	58,353	0	0	0	0	0	359,795
India	0	0	52,322	0	0	0	923,071	70,572	151,700	0	286,682	96,603	0	467,825	0	471,506	0	0	2,520,281
Israel	0	0	0	0	0	22,786	0	23,914	0	0	0	0	0	0	0	0	0	0	46,700
Italy	0	0	41,702	0	0	120,193	138,985	304,722	0	347,211	68,402	0	85,191	0	21,329	45,195	0	0	1,172,930
Japan	0	23,897	0	0	0	0	0	0	315,682	0	0	8,103	47,562	1,071,472	0	0	0	0	1,466,716
Malaysia	0	0	0	0	0	36,185	0	0	0	0	20,965	62,331	24,025	45,070	0	0	33,874	0	222,450
Netherlands	0	0	0	32,287	0	0	68,828	113,607	0	79,824	94,690	0	385,716	64,829	0	245,688	0	0	1,085,469
SUMED Pipeline	0	0	0	0	0	0	0	0	0	0	0	0	0	427,810	0	0	0	0	427,810
Singapore	0	0	0	0	0	0	0	0	0	34,214	0	0	24,057	188,971	0	199,196	0	0	446,438
South Korea	0	0	0	0	0	0	189,188	145,040	396,314	0	12,523	140,861	255,953	689,019	0	527,456	0	0	2,356,353
Spain	0	0	0	0	0	53,674	37,037	68,637	0	202,984	127,433	0	0	0	0	112,524	0	0	602,290
Syria	0	0	0	0	141,500	0	0	0	0	0	0	0	0	0	0	0	0	0	141,500
Taiwan	0	0	0	0	0	0	35,821	0	192,174	0	0	0	0	272,826	0	205,804	0	0	706,625
Thailand	0	0	0	0	0	0	0	0	0	68,189	26,463	0	0	97,821	0	130,566	0	0	323,039
Turkey	0	0	0	0	0	102,416	204,766	131,119	0	37,108	63,737	0	48,408	0	0	0	0	0	587,554
UAE	0	0	0	0	21,796	0	0	0	0	0	0	0	0	23,187	90,074	0	0	18,418	153,474
USA	0	69,875	0	67,051	0	0	178,281	48,462	0	34,289	10,162	0	136,734	304,896	0	0	0	0	849,751
United Kingdom	0	0	22,934	0	0	0	0	0	0	55,505	71,413	0	12,198	0	0	188,838	0	0	350,887
Unknown	0	53,629	0	0	34,468	0	0	0	0	0	0	0	0	0	0	0	90,193	0	178,291
Others	0	154,562	0	0	0	67,295	35,505	235,356	208,616	68,182	360,333	31,322	650,539	452,230	22,165	667,837	0	0	2,953,943
Total	29,752	301,962	166,215	99,338	889,414	517,059	2,815,141	1,351,678	2,023,106	1,059,012	1,326,546	867,711	2,288,629	5,913,144	165,647	3,372,298	564,156	18,418	23,769,227
